# Written by amt3d
# Period(s) Code GG_Lat GG_Lon X(m) Y(m) Z(m) Component Real Imag Error
> Full_Impedance
> exp(+i\omega t)
> [mV/km]/[nT]
> 0.00
> 0.000 0.000
> 6 25
 5.00000E-04 S000    0.0000    0.0000      -200.00      -200.00       0.00 ZXX  -5.636105E+00  -3.723994E-01   3.028753E+01
 5.00000E-04 S000    0.0000    0.0000      -200.00      -200.00       0.00 ZXY   6.971714E+02   7.860993E+02   3.028753E+01
 5.00000E-04 S000    0.0000    0.0000      -200.00      -200.00       0.00 ZYX  -6.402788E+02  -7.287446E+02   3.028753E+01
 5.00000E-04 S000    0.0000    0.0000      -200.00      -200.00       0.00 ZYY  -3.256420E+01  -4.114612E+00   3.028753E+01
 5.00000E-04 S001    0.0000    0.0000      -200.00      -100.00       0.00 ZXX   2.456159E+01   1.598810E+01   3.118353E+01
 5.00000E-04 S001    0.0000    0.0000      -200.00      -100.00       0.00 ZXY   6.664704E+02   8.227149E+02   3.118353E+01
 5.00000E-04 S001    0.0000    0.0000      -200.00      -100.00       0.00 ZYX  -6.153283E+02  -8.140728E+02   3.118353E+01
 5.00000E-04 S001    0.0000    0.0000      -200.00      -100.00       0.00 ZYY   1.799418E+01  -1.180975E+01   3.118353E+01
 5.00000E-04 S002    0.0000    0.0000      -200.00         0.00       0.00 ZXX   1.979813E+01  -6.179682E+01   2.943347E+01
 5.00000E-04 S002    0.0000    0.0000      -200.00         0.00       0.00 ZXY   6.679218E+02   7.490163E+02   2.943347E+01
 5.00000E-04 S002    0.0000    0.0000      -200.00         0.00       0.00 ZYX  -6.133810E+02  -7.374050E+02   2.943347E+01
 5.00000E-04 S002    0.0000    0.0000      -200.00         0.00       0.00 ZYY   1.404398E+01  -3.442085E+01   2.943347E+01
 5.00000E-04 S003    0.0000    0.0000      -200.00       100.00       0.00 ZXX  -1.553535E+01  -1.912628E+01   3.045192E+01
 5.00000E-04 S003    0.0000    0.0000      -200.00       100.00       0.00 ZXY   6.796539E+02   7.270565E+02   3.045192E+01
 5.00000E-04 S003    0.0000    0.0000      -200.00       100.00       0.00 ZYX  -6.977937E+02  -7.647574E+02   3.045192E+01
 5.00000E-04 S003    0.0000    0.0000      -200.00       100.00       0.00 ZYY   1.011685E+01   4.587878E+01   3.045192E+01
 5.00000E-04 S004    0.0000    0.0000      -200.00       200.00       0.00 ZXX   6.399178E-01  -1.306785E+01   3.129004E+01
 5.00000E-04 S004    0.0000    0.0000      -200.00       200.00       0.00 ZXY   6.943574E+02   7.906696E+02   3.129004E+01
 5.00000E-04 S004    0.0000    0.0000      -200.00       200.00       0.00 ZYX  -7.266955E+02  -7.353016E+02   3.129004E+01
 5.00000E-04 S004    0.0000    0.0000      -200.00       200.00       0.00 ZYY  -8.464010E+00   2.199061E+01   3.129004E+01
 5.00000E-04 S005    0.0000    0.0000      -100.00      -200.00       0.00 ZXX  -3.588220E+00   5.864058E+01   2.876037E+01
 5.00000E-04 S005    0.0000    0.0000      -100.00      -200.00       0.00 ZXY   5.253842E+02   8.133203E+02   2.876037E+01
 5.00000E-04 S005    0.0000    0.0000      -100.00      -200.00       0.00 ZYX  -5.315377E+02  -7.864119E+02   2.876037E+01
 5.00000E-04 S005    0.0000    0.0000      -100.00      -200.00       0.00 ZYY   3.656609E+01  -3.153089E+01   2.876037E+01
 5.00000E-04 S006    0.0000    0.0000      -100.00      -100.00       0.00 ZXX  -7.517938E+01  -2.101104E+01   2.741361E+01
 5.00000E-04 S006    0.0000    0.0000      -100.00      -100.00       0.00 ZXY   4.077087E+02   8.078759E+02   2.741361E+01
 5.00000E-04 S006    0.0000    0.0000      -100.00      -100.00       0.00 ZYX  -4.430852E+02  -8.093923E+02   2.741361E+01
 5.00000E-04 S006    0.0000    0.0000      -100.00      -100.00       0.00 ZYY  -1.123491E+01   7.349040E+01   2.741361E+01
 5.00000E-04 S007    0.0000    0.0000      -100.00         0.00       0.00 ZXX   8.060247E+00   4.453687E+01   2.735518E+01
 5.00000E-04 S007    0.0000    0.0000      -100.00         0.00       0.00 ZXY   4.840339E+02   7.846778E+02   2.735518E+01
 5.00000E-04 S007    0.0000    0.0000      -100.00         0.00       0.00 ZYX  -4.158102E+02  -8.002502E+02   2.735518E+01
 5.00000E-04 S007    0.0000    0.0000      -100.00         0.00       0.00 ZYY  -3.331383E+01   5.253965E+01   2.735518E+01
 5.00000E-04 S008    0.0000    0.0000      -100.00       100.00       0.00 ZXX  -8.769230E+00  -6.503220E+01   3.011205E+01
 5.00000E-04 S008    0.0000    0.0000      -100.00       100.00       0.00 ZXY   6.796075E+02   7.863474E+02   3.011205E+01
 5.00000E-04 S008    0.0000    0.0000      -100.00       100.00       0.00 ZYX  -6.400103E+02  -7.280397E+02   3.011205E+01
 5.00000E-04 S008    0.0000    0.0000      -100.00       100.00       0.00 ZYY   1.020920E+01  -1.284834E+01   3.011205E+01
 5.00000E-04 S009    0.0000    0.0000      -100.00       200.00       0.00 ZXX  -1.607654E+01  -1.556045E+01   3.017458E+01
 5.00000E-04 S009    0.0000    0.0000      -100.00       200.00       0.00 ZXY   6.444583E+02   7.684400E+02   3.017458E+01
 5.00000E-04 S009    0.0000    0.0000      -100.00       200.00       0.00 ZYX  -6.958455E+02  -7.303096E+02   3.017458E+01
 5.00000E-04 S009    0.0000    0.0000      -100.00       200.00       0.00 ZYY   1.937340E+00   8.674434E+00   3.017458E+01
 5.00000E-04 S010    0.0000    0.0000         0.00      -200.00       0.00 ZXX  -3.130425E+01   2.299651E+00   2.881911E+01
 5.00000E-04 S010    0.0000    0.0000         0.00      -200.00       0.00 ZXY   5.134997E+02   8.079503E+02   2.881911E+01
 5.00000E-04 S010    0.0000    0.0000         0.00      -200.00       0.00 ZYX  -5.708515E+02  -7.767590E+02   2.881911E+01
 5.00000E-04 S010    0.0000    0.0000         0.00      -200.00       0.00 ZYY  -3.475444E+01   4.382892E+01   2.881911E+01
 5.00000E-04 S011    0.0000    0.0000         0.00      -100.00       0.00 ZXX  -1.736240E+00  -2.197953E+01   2.758251E+01
 5.00000E-04 S011    0.0000    0.0000         0.00      -100.00       0.00 ZXY   4.620248E+02   7.548293E+02   2.758251E+01
 5.00000E-04 S011    0.0000    0.0000         0.00      -100.00       0.00 ZYX  -4.374205E+02  -8.491215E+02   2.758251E+01
 5.00000E-04 S011    0.0000    0.0000         0.00      -100.00       0.00 ZYY  -1.432382E+01  -4.307759E+01   2.758251E+01
 5.00000E-04 S012    0.0000    0.0000         0.00         0.00       0.00 ZXX   1.433816E+01  -8.399998E+00   2.809066E+01
 5.00000E-04 S012    0.0000    0.0000         0.00         0.00       0.00 ZXY   5.033476E+02   8.172673E+02   2.809066E+01
 5.00000E-04 S012    0.0000    0.0000         0.00         0.00       0.00 ZYX  -4.668995E+02  -7.851079E+02   2.809066E+01
 5.00000E-04 S012    0.0000    0.0000         0.00         0.00       0.00 ZYY  -2.069362E+01  -2.211945E+01   2.809066E+01
 5.00000E-04 S013    0.0000    0.0000         0.00       100.00       0.00 ZXX   2.130480E+01  -2.435350E+01   2.978322E+01
 5.00000E-04 S013    0.0000    0.0000         0.00       100.00       0.00 ZXY   6.082809E+02   7.794839E+02   2.978322E+01
 5.00000E-04 S013    0.0000    0.0000         0.00       100.00       0.00 ZYX  -6.415773E+02  -7.629182E+02   2.978322E+01
 5.00000E-04 S013    0.0000    0.0000         0.00       100.00       0.00 ZYY  -2.469113E+01  -3.231070E+01   2.978322E+01
 5.00000E-04 S014    0.0000    0.0000         0.00       200.00       0.00 ZXX   2.820662E+01  -3.829184E+01   3.100414E+01
 5.00000E-04 S014    0.0000    0.0000         0.00       200.00       0.00 ZXY   7.014428E+02   7.590053E+02   3.100414E+01
 5.00000E-04 S014    0.0000    0.0000         0.00       200.00       0.00 ZYX  -7.481940E+02  -7.128956E+02   3.100414E+01
 5.00000E-04 S014    0.0000    0.0000         0.00       200.00       0.00 ZYY  -8.296502E+00  -7.668363E+01   3.100414E+01
 5.00000E-04 S015    0.0000    0.0000       100.00      -200.00       0.00 ZXX   1.826096E+01  -3.301043E+01   3.015560E+01
 5.00000E-04 S015    0.0000    0.0000       100.00      -200.00       0.00 ZXY   6.798342E+02   6.993722E+02   3.015560E+01
 5.00000E-04 S015    0.0000    0.0000       100.00      -200.00       0.00 ZYX  -6.803987E+02  -7.811753E+02   3.015560E+01
 5.00000E-04 S015    0.0000    0.0000       100.00      -200.00       0.00 ZYY  -4.121044E+01  -6.975887E+00   3.015560E+01
 5.00000E-04 S016    0.0000    0.0000       100.00      -100.00       0.00 ZXX   9.485625E+00  -6.878982E+01   2.939810E+01
 5.00000E-04 S016    0.0000    0.0000       100.00      -100.00       0.00 ZXY   6.382445E+02   7.676195E+02   2.939810E+01
 5.00000E-04 S016    0.0000    0.0000       100.00      -100.00       0.00 ZYX  -5.920442E+02  -7.581317E+02   2.939810E+01
 5.00000E-04 S016    0.0000    0.0000       100.00      -100.00       0.00 ZYY   2.229784E+01   5.338102E+00   2.939810E+01
 5.00000E-04 S017    0.0000    0.0000       100.00         0.00       0.00 ZXX  -5.869496E+01   5.644258E+01   3.077134E+01
 5.00000E-04 S017    0.0000    0.0000       100.00         0.00       0.00 ZXY   6.686833E+02   7.568178E+02   3.077134E+01
 5.00000E-04 S017    0.0000    0.0000       100.00         0.00       0.00 ZYX  -5.793181E+02  -8.658304E+02   3.077134E+01
 5.00000E-04 S017    0.0000    0.0000       100.00         0.00       0.00 ZYY  -6.635478E+00   4.701440E+00   3.077134E+01
 5.00000E-04 S018    0.0000    0.0000       100.00       100.00       0.00 ZXX  -3.281479E+01   9.566089E+00   3.029626E+01
 5.00000E-04 S018    0.0000    0.0000       100.00       100.00       0.00 ZXY   7.191000E+02   7.151225E+02   3.029626E+01
 5.00000E-04 S018    0.0000    0.0000       100.00       100.00       0.00 ZYX  -6.894202E+02  -7.320961E+02   3.029626E+01
 5.00000E-04 S018    0.0000    0.0000       100.00       100.00       0.00 ZYY   3.619036E+01  -1.267902E+01   3.029626E+01
 5.00000E-04 S019    0.0000    0.0000       100.00       200.00       0.00 ZXX  -8.655107E+00  -1.013622E+01   3.130466E+01
 5.00000E-04 S019    0.0000    0.0000       100.00       200.00       0.00 ZXY   6.688185E+02   7.848111E+02   3.130466E+01
 5.00000E-04 S019    0.0000    0.0000       100.00       200.00       0.00 ZYX  -7.199686E+02  -7.724983E+02   3.130466E+01
 5.00000E-04 S019    0.0000    0.0000       100.00       200.00       0.00 ZYY  -1.446474E+01   1.015155E+01   3.130466E+01
 5.00000E-04 S020    0.0000    0.0000       200.00      -200.00       0.00 ZXX   2.530298E+01  -3.965483E+01   3.229229E+01
 5.00000E-04 S020    0.0000    0.0000       200.00      -200.00       0.00 ZXY   7.079206E+02   7.748315E+02   3.229229E+01
 5.00000E-04 S020    0.0000    0.0000       200.00      -200.00       0.00 ZYX  -7.499763E+02  -8.101236E+02   3.229229E+01
 5.00000E-04 S020    0.0000    0.0000       200.00      -200.00       0.00 ZYY  -3.696131E+01   5.165006E+01   3.229229E+01
 5.00000E-04 S021    0.0000    0.0000       200.00      -100.00       0.00 ZXX   2.847954E+01   5.725668E+00   3.237010E+01
 5.00000E-04 S021    0.0000    0.0000       200.00      -100.00       0.00 ZXY   7.202427E+02   8.016283E+02   3.237010E+01
 5.00000E-04 S021    0.0000    0.0000       200.00      -100.00       0.00 ZYX  -7.121833E+02  -8.123680E+02   3.237010E+01
 5.00000E-04 S021    0.0000    0.0000       200.00      -100.00       0.00 ZYY  -3.305811E-01  -1.436594E+01   3.237010E+01
 5.00000E-04 S022    0.0000    0.0000       200.00         0.00       0.00 ZXX   1.413614E+01   3.642649E+01   3.046100E+01
 5.00000E-04 S022    0.0000    0.0000       200.00         0.00       0.00 ZXY   7.156410E+02   6.694345E+02   3.046100E+01
 5.00000E-04 S022    0.0000    0.0000       200.00         0.00       0.00 ZYX  -6.676212E+02  -8.131051E+02   3.046100E+01
 5.00000E-04 S022    0.0000    0.0000       200.00         0.00       0.00 ZYY   7.080405E+00   2.677284E+01   3.046100E+01
 5.00000E-04 S023    0.0000    0.0000       200.00       100.00       0.00 ZXX  -2.793630E+00   2.622134E+01   3.111460E+01
 5.00000E-04 S023    0.0000    0.0000       200.00       100.00       0.00 ZXY   6.989404E+02   7.858896E+02   3.111460E+01
 5.00000E-04 S023    0.0000    0.0000       200.00       100.00       0.00 ZYX  -6.746278E+02  -7.687322E+02   3.111460E+01
 5.00000E-04 S023    0.0000    0.0000       200.00       100.00       0.00 ZYY  -7.068348E+01   8.824610E+00   3.111460E+01
 5.00000E-04 S024    0.0000    0.0000       200.00       200.00       0.00 ZXX  -1.418792E+00  -2.096886E+01   3.162430E+01
 5.00000E-04 S024    0.0000    0.0000       200.00       200.00       0.00 ZXY   7.111981E+02   7.136950E+02   3.162430E+01
 5.00000E-04 S024    0.0000    0.0000       200.00       200.00       0.00 ZYX  -7.552148E+02  -8.037493E+02   3.162430E+01
 5.00000E-04 S024    0.0000    0.0000       200.00       200.00       0.00 ZYY   7.687318E+00  -2.007918E+01   3.162430E+01
 1.66667E-03 S000    0.0000    0.0000      -200.00      -200.00       0.00 ZXX  -4.959252E+01   3.475472E+00   1.633658E+01
 1.66667E-03 S000    0.0000    0.0000      -200.00      -200.00       0.00 ZXY   3.777137E+02   3.767826E+02   1.633658E+01
 1.66667E-03 S000    0.0000    0.0000      -200.00      -200.00       0.00 ZYX  -3.300357E+02  -4.472327E+02   1.633658E+01
 1.66667E-03 S000    0.0000    0.0000      -200.00      -200.00       0.00 ZYY   3.377764E+01  -4.034305E+01   1.633658E+01
 1.66667E-03 S001    0.0000    0.0000      -200.00      -100.00       0.00 ZXX   8.936501E+00  -5.232442E+00   1.523694E+01
 1.66667E-03 S001    0.0000    0.0000      -200.00      -100.00       0.00 ZXY   3.620507E+02   3.815714E+02   1.523694E+01
 1.66667E-03 S001    0.0000    0.0000      -200.00      -100.00       0.00 ZYX  -2.869370E+02  -3.977146E+02   1.523694E+01
 1.66667E-03 S001    0.0000    0.0000      -200.00      -100.00       0.00 ZYY  -1.907139E+01  -1.517667E+01   1.523694E+01
 1.66667E-03 S002    0.0000    0.0000      -200.00         0.00       0.00 ZXX   5.385165E+01  -4.629519E+01   1.574203E+01
 1.66667E-03 S002    0.0000    0.0000      -200.00         0.00       0.00 ZXY   3.581342E+02   4.107628E+02   1.574203E+01
 1.66667E-03 S002    0.0000    0.0000      -200.00         0.00       0.00 ZYX  -3.025825E+02  -4.046312E+02   1.574203E+01
 1.66667E-03 S002    0.0000    0.0000      -200.00         0.00       0.00 ZYY  -9.993510E+00   3.114059E+01   1.574203E+01
 1.66667E-03 S003    0.0000    0.0000      -200.00       100.00       0.00 ZXX   2.532914E+01   1.147778E+01   1.636962E+01
 1.66667E-03 S003    0.0000    0.0000      -200.00       100.00       0.00 ZXY   3.765867E+02   4.003909E+02   1.636962E+01
 1.66667E-03 S003    0.0000    0.0000      -200.00       100.00       0.00 ZYX  -3.652971E+02  -3.999602E+02   1.636962E+01
 1.66667E-03 S003    0.0000    0.0000      -200.00       100.00       0.00 ZYY  -2.631057E+01   1.190406E+01   1.636962E+01
 1.66667E-03 S004    0.0000    0.0000      -200.00       200.00       0.00 ZXX  -3.955748E+00  -2.638559E+01   1.681414E+01
 1.66667E-03 S004    0.0000    0.0000      -200.00       200.00       0.00 ZXY   3.785096E+02   4.103278E+02   1.681414E+01
 1.66667E-03 S004    0.0000    0.0000      -200.00       200.00       0.00 ZYX  -4.025388E+02  -3.931923E+02   1.681414E+01
 1.66667E-03 S004    0.0000    0.0000      -200.00       200.00       0.00 ZYY  -2.647320E-01   1.602839E+01   1.681414E+01
 1.66667E-03 S005    0.0000    0.0000      -100.00      -200.00       0.00 ZXX   7.433929E+00   1.827116E+01   1.408879E+01
 1.66667E-03 S005    0.0000    0.0000      -100.00      -200.00       0.00 ZXY   2.316477E+02   3.859119E+02   1.408879E+01
 1.66667E-03 S005    0.0000    0.0000      -100.00      -200.00       0.00 ZYX  -3.267203E+02  -3.651787E+02   1.408879E+01
 1.66667E-03 S005    0.0000    0.0000      -100.00      -200.00       0.00 ZYY   2.588189E+01   9.378058E+00   1.408879E+01
 1.66667E-03 S006    0.0000    0.0000      -100.00      -100.00       0.00 ZXX   2.714697E+01  -8.339534E+00   1.179561E+01
 1.66667E-03 S006    0.0000    0.0000      -100.00      -100.00       0.00 ZXY   2.004732E+02   3.281382E+02   1.179561E+01
 1.66667E-03 S006    0.0000    0.0000      -100.00      -100.00       0.00 ZYX  -2.093369E+02  -3.432385E+02   1.179561E+01
 1.66667E-03 S006    0.0000    0.0000      -100.00      -100.00       0.00 ZYY   8.934412E+00  -1.254985E+01   1.179561E+01
 1.66667E-03 S007    0.0000    0.0000      -100.00         0.00       0.00 ZXX  -1.418167E+00   7.785637E+00   1.221199E+01
 1.66667E-03 S007    0.0000    0.0000      -100.00         0.00       0.00 ZXY   2.181343E+02   3.556143E+02   1.221199E+01
 1.66667E-03 S007    0.0000    0.0000      -100.00         0.00       0.00 ZYX  -2.277741E+02  -3.253933E+02   1.221199E+01
 1.66667E-03 S007    0.0000    0.0000      -100.00         0.00       0.00 ZYY  -1.110446E+00   2.351989E+00   1.221199E+01
 1.66667E-03 S008    0.0000    0.0000      -100.00       100.00       0.00 ZXX   5.346393E+00  -1.516834E+00   1.535860E+01
 1.66667E-03 S008    0.0000    0.0000      -100.00       100.00       0.00 ZXY   3.005879E+02   3.811555E+02   1.535860E+01
 1.66667E-03 S008    0.0000    0.0000      -100.00       100.00       0.00 ZYX  -3.726695E+02  -3.907040E+02   1.535860E+01
 1.66667E-03 S008    0.0000    0.0000      -100.00       100.00       0.00 ZYY  -3.380816E+01   1.165606E+01   1.535860E+01
 1.66667E-03 S009    0.0000    0.0000      -100.00       200.00       0.00 ZXX  -4.204470E+00   2.738418E+00   1.594029E+01
 1.66667E-03 S009    0.0000    0.0000      -100.00       200.00       0.00 ZXY   3.388049E+02   3.914317E+02   1.594029E+01
 1.66667E-03 S009    0.0000    0.0000      -100.00       200.00       0.00 ZYX  -3.944362E+02  -3.766004E+02   1.594029E+01
 1.66667E-03 S009    0.0000    0.0000      -100.00       200.00       0.00 ZYY  -2.426630E+01  -2.599589E+01   1.594029E+01
 1.66667E-03 S010    0.0000    0.0000         0.00      -200.00       0.00 ZXX  -1.782434E+00  -7.332617E+00   1.374202E+01
 1.66667E-03 S010    0.0000    0.0000         0.00      -200.00       0.00 ZXY   2.722978E+02   3.533439E+02   1.374202E+01
 1.66667E-03 S010    0.0000    0.0000         0.00      -200.00       0.00 ZYX  -2.939301E+02  -3.672158E+02   1.374202E+01
 1.66667E-03 S010    0.0000    0.0000         0.00      -200.00       0.00 ZYY  -1.797155E+01  -9.584709E+00   1.374202E+01
 1.66667E-03 S011    0.0000    0.0000         0.00      -100.00       0.00 ZXX   8.520439E+00   1.060032E+01   1.170006E+01
 1.66667E-03 S011    0.0000    0.0000         0.00      -100.00       0.00 ZXY   2.080711E+02   3.447241E+02   1.170006E+01
 1.66667E-03 S011    0.0000    0.0000         0.00      -100.00       0.00 ZYX  -1.973932E+02  -3.220728E+02   1.170006E+01
 1.66667E-03 S011    0.0000    0.0000         0.00      -100.00       0.00 ZYY   3.151477E+00   2.476457E+00   1.170006E+01
 1.66667E-03 S012    0.0000    0.0000         0.00         0.00       0.00 ZXX  -5.816360E+00  -1.176965E+01   1.223352E+01
 1.66667E-03 S012    0.0000    0.0000         0.00         0.00       0.00 ZXY   2.124148E+02   3.388258E+02   1.223352E+01
 1.66667E-03 S012    0.0000    0.0000         0.00         0.00       0.00 ZYX  -2.145993E+02  -3.561648E+02   1.223352E+01
 1.66667E-03 S012    0.0000    0.0000         0.00         0.00       0.00 ZYY   3.377708E-01   2.241712E+00   1.223352E+01
 1.66667E-03 S013    0.0000    0.0000         0.00       100.00       0.00 ZXX  -2.761736E+01   2.522941E+01   1.547910E+01
 1.66667E-03 S013    0.0000    0.0000         0.00       100.00       0.00 ZXY   2.893878E+02   3.949572E+02   1.547910E+01
 1.66667E-03 S013    0.0000    0.0000         0.00       100.00       0.00 ZYX  -3.845998E+02  -3.843478E+02   1.547910E+01
 1.66667E-03 S013    0.0000    0.0000         0.00       100.00       0.00 ZYY   4.721318E+01  -1.345954E+01   1.547910E+01
 1.66667E-03 S014    0.0000    0.0000         0.00       200.00       0.00 ZXX  -2.859967E+01   9.246288E+00   1.671020E+01
 1.66667E-03 S014    0.0000    0.0000         0.00       200.00       0.00 ZXY   3.653696E+02   3.854428E+02   1.671020E+01
 1.66667E-03 S014    0.0000    0.0000         0.00       200.00       0.00 ZYX  -4.389679E+02  -3.854569E+02   1.671020E+01
 1.66667E-03 S014    0.0000    0.0000         0.00       200.00       0.00 ZYY   1.281007E+01  -3.591973E+00   1.671020E+01
 1.66667E-03 S015    0.0000    0.0000       100.00      -200.00       0.00 ZXX   5.283041E+01  -1.970546E+01   1.557873E+01
 1.66667E-03 S015    0.0000    0.0000       100.00      -200.00       0.00 ZXY   3.611199E+02   3.782980E+02   1.557873E+01
 1.66667E-03 S015    0.0000    0.0000       100.00      -200.00       0.00 ZYX  -3.378671E+02  -3.894994E+02   1.557873E+01
 1.66667E-03 S015    0.0000    0.0000       100.00      -200.00       0.00 ZYY  -1.941232E+01  -4.036707E+00   1.557873E+01
 1.66667E-03 S016    0.0000    0.0000       100.00      -100.00       0.00 ZXX   1.800174E+01  -1.396991E+01   1.482630E+01
 1.66667E-03 S016    0.0000    0.0000       100.00      -100.00       0.00 ZXY   3.687326E+02   3.863734E+02   1.482630E+01
 1.66667E-03 S016    0.0000    0.0000       100.00      -100.00       0.00 ZYX  -2.448505E+02  -3.862404E+02   1.482630E+01
 1.66667E-03 S016    0.0000    0.0000       100.00      -100.00       0.00 ZYY   3.297251E-01   2.618528E+01   1.482630E+01
 1.66667E-03 S017    0.0000    0.0000       100.00         0.00       0.00 ZXX  -3.951850E+01  -2.935570E+00   1.475051E+01
 1.66667E-03 S017    0.0000    0.0000       100.00         0.00       0.00 ZXY   3.649350E+02   3.504015E+02   1.475051E+01
 1.66667E-03 S017    0.0000    0.0000       100.00         0.00       0.00 ZYX  -2.965155E+02  -3.747181E+02   1.475051E+01
 1.66667E-03 S017    0.0000    0.0000       100.00         0.00       0.00 ZYY   1.591767E+01   7.015632E+00   1.475051E+01
 1.66667E-03 S018    0.0000    0.0000       100.00       100.00       0.00 ZXX  -3.319737E+01   2.746972E+00   1.650259E+01
 1.66667E-03 S018    0.0000    0.0000       100.00       100.00       0.00 ZXY   3.809170E+02   3.710678E+02   1.650259E+01
 1.66667E-03 S018    0.0000    0.0000       100.00       100.00       0.00 ZYX  -4.105975E+02  -3.939513E+02   1.650259E+01
 1.66667E-03 S018    0.0000    0.0000       100.00       100.00       0.00 ZYY   4.463376E+01  -4.189904E+01   1.650259E+01
 1.66667E-03 S019    0.0000    0.0000       100.00       200.00       0.00 ZXX  -1.902149E+01   3.358232E+00   1.618438E+01
 1.66667E-03 S019    0.0000    0.0000       100.00       200.00       0.00 ZXY   3.660587E+02   3.689434E+02   1.618438E+01
 1.66667E-03 S019    0.0000    0.0000       100.00       200.00       0.00 ZYX  -3.920765E+02  -3.998171E+02   1.618438E+01
 1.66667E-03 S019    0.0000    0.0000       100.00       200.00       0.00 ZYY   3.635805E+01  -4.642654E+01   1.618438E+01
 1.66667E-03 S020    0.0000    0.0000       200.00      -200.00       0.00 ZXX   2.276969E+01  -1.306122E+01   1.691701E+01
 1.66667E-03 S020    0.0000    0.0000       200.00      -200.00       0.00 ZXY   3.875789E+02   4.174680E+02   1.691701E+01
 1.66667E-03 S020    0.0000    0.0000       200.00      -200.00       0.00 ZYX  -3.749398E+02  -4.135473E+02   1.691701E+01
 1.66667E-03 S020    0.0000    0.0000       200.00      -200.00       0.00 ZYY   3.970858E+01   1.802241E+01   1.691701E+01
 1.66667E-03 S021    0.0000    0.0000       200.00      -100.00       0.00 ZXX   1.694943E+01  -1.135478E+01   1.632889E+01
 1.66667E-03 S021    0.0000    0.0000       200.00      -100.00       0.00 ZXY   3.685276E+02   3.735858E+02   1.632889E+01
 1.66667E-03 S021    0.0000    0.0000       200.00      -100.00       0.00 ZYX  -3.571600E+02  -4.372161E+02   1.632889E+01
 1.66667E-03 S021    0.0000    0.0000       200.00      -100.00       0.00 ZYY   9.679732E-01   1.652725E+01   1.632889E+01
 1.66667E-03 S022    0.0000    0.0000       200.00         0.00       0.00 ZXX  -4.023249E+01   8.842086E+00   1.698852E+01
 1.66667E-03 S022    0.0000    0.0000       200.00         0.00       0.00 ZXY   3.920109E+02   4.160847E+02   1.698852E+01
 1.66667E-03 S022    0.0000    0.0000       200.00         0.00       0.00 ZYX  -3.610456E+02  -4.293215E+02   1.698852E+01
 1.66667E-03 S022    0.0000    0.0000       200.00         0.00       0.00 ZYY   2.796293E+01  -1.072442E+01   1.698852E+01
 1.66667E-03 S023    0.0000    0.0000       200.00       100.00       0.00 ZXX  -9.662754E-01   1.321400E+01   1.613705E+01
 1.66667E-03 S023    0.0000    0.0000       200.00       100.00       0.00 ZXY   3.427330E+02   4.201338E+02   1.613705E+01
 1.66667E-03 S023    0.0000    0.0000       200.00       100.00       0.00 ZYX  -3.815142E+02  -3.731195E+02   1.613705E+01
 1.66667E-03 S023    0.0000    0.0000       200.00       100.00       0.00 ZYY  -1.435717E+01  -2.132845E+01   1.613705E+01
 1.66667E-03 S024    0.0000    0.0000       200.00       200.00       0.00 ZXX   1.538475E+01  -1.258115E+01   1.616529E+01
 1.66667E-03 S024    0.0000    0.0000       200.00       200.00       0.00 ZXY   3.888687E+02   3.732058E+02   1.616529E+01
 1.66667E-03 S024    0.0000    0.0000       200.00       200.00       0.00 ZYX  -3.836671E+02  -3.781560E+02   1.616529E+01
 1.66667E-03 S024    0.0000    0.0000       200.00       200.00       0.00 ZYY  -1.297514E+01  -9.632021E+00   1.616529E+01
 5.00000E-03 S000    0.0000    0.0000      -200.00      -200.00       0.00 ZXX  -2.434150E+01  -1.091781E+01   9.329193E+00
 5.00000E-03 S000    0.0000    0.0000      -200.00      -200.00       0.00 ZXY   2.371269E+02   2.138310E+02   9.329193E+00
 5.00000E-03 S000    0.0000    0.0000      -200.00      -200.00       0.00 ZYX  -1.969665E+02  -2.300654E+02   9.329193E+00
 5.00000E-03 S000    0.0000    0.0000      -200.00      -200.00       0.00 ZYY   2.883582E+01  -1.355516E+01   9.329193E+00
 5.00000E-03 S001    0.0000    0.0000      -200.00      -100.00       0.00 ZXX  -1.411886E+01   5.353442E+00   8.248642E+00
 5.00000E-03 S001    0.0000    0.0000      -200.00      -100.00       0.00 ZXY   2.200281E+02   2.118903E+02   8.248642E+00
 5.00000E-03 S001    0.0000    0.0000      -200.00      -100.00       0.00 ZYX  -1.546419E+02  -1.932290E+02   8.248642E+00
 5.00000E-03 S001    0.0000    0.0000      -200.00      -100.00       0.00 ZYY   1.975584E+01  -8.506750E+00   8.248642E+00
 5.00000E-03 S002    0.0000    0.0000      -200.00         0.00       0.00 ZXX   2.332898E+01   5.069517E+00   8.570836E+00
 5.00000E-03 S002    0.0000    0.0000      -200.00         0.00       0.00 ZXY   2.179054E+02   2.256010E+02   8.570836E+00
 5.00000E-03 S002    0.0000    0.0000      -200.00         0.00       0.00 ZYX  -1.565239E+02  -2.078912E+02   8.570836E+00
 5.00000E-03 S002    0.0000    0.0000      -200.00         0.00       0.00 ZYY  -1.954344E+01  -6.565895E-01   8.570836E+00
 5.00000E-03 S003    0.0000    0.0000      -200.00       100.00       0.00 ZXX   3.201334E+01  -4.454125E+00   9.169534E+00
 5.00000E-03 S003    0.0000    0.0000      -200.00       100.00       0.00 ZXY   2.070560E+02   2.206103E+02   9.169534E+00
 5.00000E-03 S003    0.0000    0.0000      -200.00       100.00       0.00 ZYX  -2.216270E+02  -2.149983E+02   9.169534E+00
 5.00000E-03 S003    0.0000    0.0000      -200.00       100.00       0.00 ZYY  -3.915415E+01  -3.954964E+00   9.169534E+00
 5.00000E-03 S004    0.0000    0.0000      -200.00       200.00       0.00 ZXX   9.425926E+00  -1.127099E+01   9.495667E+00
 5.00000E-03 S004    0.0000    0.0000      -200.00       200.00       0.00 ZXY   2.083774E+02   2.233075E+02   9.495667E+00
 5.00000E-03 S004    0.0000    0.0000      -200.00       200.00       0.00 ZYX  -2.372747E+02  -2.264866E+02   9.495667E+00
 5.00000E-03 S004    0.0000    0.0000      -200.00       200.00       0.00 ZYY  -1.450949E+01  -9.907841E-01   9.495667E+00
 5.00000E-03 S005    0.0000    0.0000      -100.00      -200.00       0.00 ZXX  -1.684988E+01  -1.829786E+00   7.437821E+00
 5.00000E-03 S005    0.0000    0.0000      -100.00      -200.00       0.00 ZXY   1.428538E+02   1.853029E+02   7.437821E+00
 5.00000E-03 S005    0.0000    0.0000      -100.00      -200.00       0.00 ZYX  -1.788653E+02  -1.924177E+02   7.437821E+00
 5.00000E-03 S005    0.0000    0.0000      -100.00      -200.00       0.00 ZYY   1.639043E+01  -2.508294E-01   7.437821E+00
 5.00000E-03 S006    0.0000    0.0000      -100.00      -100.00       0.00 ZXX  -6.867881E+00   5.478453E+00   5.917763E+00
 5.00000E-03 S006    0.0000    0.0000      -100.00      -100.00       0.00 ZXY   1.150661E+02   1.619391E+02   5.917763E+00
 5.00000E-03 S006    0.0000    0.0000      -100.00      -100.00       0.00 ZYX  -1.118424E+02  -1.607999E+02   5.917763E+00
 5.00000E-03 S006    0.0000    0.0000      -100.00      -100.00       0.00 ZYY   5.394484E+00   4.916730E+00   5.917763E+00
 5.00000E-03 S007    0.0000    0.0000      -100.00         0.00       0.00 ZXX   3.601447E+00   1.077128E+00   6.201355E+00
 5.00000E-03 S007    0.0000    0.0000      -100.00         0.00       0.00 ZXY   1.192673E+02   1.687659E+02   6.201355E+00
 5.00000E-03 S007    0.0000    0.0000      -100.00         0.00       0.00 ZYX  -1.247925E+02  -1.648629E+02   6.201355E+00
 5.00000E-03 S007    0.0000    0.0000      -100.00         0.00       0.00 ZYY  -5.649295E+00  -8.543119E+00   6.201355E+00
 5.00000E-03 S008    0.0000    0.0000      -100.00       100.00       0.00 ZXX   1.057075E+01   3.375035E+00   8.423641E+00
 5.00000E-03 S008    0.0000    0.0000      -100.00       100.00       0.00 ZXY   1.436822E+02   2.110656E+02   8.423641E+00
 5.00000E-03 S008    0.0000    0.0000      -100.00       100.00       0.00 ZYX  -2.315929E+02  -2.042370E+02   8.423641E+00
 5.00000E-03 S008    0.0000    0.0000      -100.00       100.00       0.00 ZYY  -1.781490E+01  -1.651816E+01   8.423641E+00
 5.00000E-03 S009    0.0000    0.0000      -100.00       200.00       0.00 ZXX  -1.029632E+01   1.178325E+00   9.432346E+00
 5.00000E-03 S009    0.0000    0.0000      -100.00       200.00       0.00 ZXY   2.023613E+02   2.124032E+02   9.432346E+00
 5.00000E-03 S009    0.0000    0.0000      -100.00       200.00       0.00 ZYX  -2.537044E+02  -2.217625E+02   9.432346E+00
 5.00000E-03 S009    0.0000    0.0000      -100.00       200.00       0.00 ZYY  -1.735943E+01   8.677821E-01   9.432346E+00
 5.00000E-03 S010    0.0000    0.0000         0.00      -200.00       0.00 ZXX   1.480994E+01  -8.124345E+00   7.361839E+00
 5.00000E-03 S010    0.0000    0.0000         0.00      -200.00       0.00 ZXY   1.367955E+02   1.899460E+02   7.361839E+00
 5.00000E-03 S010    0.0000    0.0000         0.00      -200.00       0.00 ZYX  -1.749020E+02  -1.886562E+02   7.361839E+00
 5.00000E-03 S010    0.0000    0.0000         0.00      -200.00       0.00 ZYY  -2.960465E+01   3.966207E+00   7.361839E+00
 5.00000E-03 S011    0.0000    0.0000         0.00      -100.00       0.00 ZXX   1.311650E+01   3.627050E+00   5.940889E+00
 5.00000E-03 S011    0.0000    0.0000         0.00      -100.00       0.00 ZXY   1.158067E+02   1.709665E+02   5.940889E+00
 5.00000E-03 S011    0.0000    0.0000         0.00      -100.00       0.00 ZYX  -1.134048E+02  -1.523325E+02   5.940889E+00
 5.00000E-03 S011    0.0000    0.0000         0.00      -100.00       0.00 ZYY   1.302925E+00  -8.763250E+00   5.940889E+00
 5.00000E-03 S012    0.0000    0.0000         0.00         0.00       0.00 ZXX  -1.303319E+01  -2.019096E-01   6.219152E+00
 5.00000E-03 S012    0.0000    0.0000         0.00         0.00       0.00 ZXY   1.283672E+02   1.550177E+02   6.219152E+00
 5.00000E-03 S012    0.0000    0.0000         0.00         0.00       0.00 ZYX  -1.296602E+02  -1.696484E+02   6.219152E+00
 5.00000E-03 S012    0.0000    0.0000         0.00         0.00       0.00 ZYY   8.327069E+00   4.645099E+00   6.219152E+00
 5.00000E-03 S013    0.0000    0.0000         0.00       100.00       0.00 ZXX  -1.234225E+01   7.840627E+00   8.729739E+00
 5.00000E-03 S013    0.0000    0.0000         0.00       100.00       0.00 ZXY   1.596496E+02   2.127998E+02   8.729739E+00
 5.00000E-03 S013    0.0000    0.0000         0.00       100.00       0.00 ZYX  -2.344337E+02  -2.152967E+02   8.729739E+00
 5.00000E-03 S013    0.0000    0.0000         0.00       100.00       0.00 ZYY   1.900838E+01   5.011552E+00   8.729739E+00
 5.00000E-03 S014    0.0000    0.0000         0.00       200.00       0.00 ZXX  -2.051968E+01   1.136142E+00   9.503171E+00
 5.00000E-03 S014    0.0000    0.0000         0.00       200.00       0.00 ZXY   2.021069E+02   2.352173E+02   9.503171E+00
 5.00000E-03 S014    0.0000    0.0000         0.00       200.00       0.00 ZYX  -2.483783E+02  -2.073743E+02   9.503171E+00
 5.00000E-03 S014    0.0000    0.0000         0.00       200.00       0.00 ZYY   1.271910E+01  -2.925481E+00   9.503171E+00
 5.00000E-03 S015    0.0000    0.0000       100.00      -200.00       0.00 ZXX   3.143662E+01   3.755199E+01   9.057218E+00
 5.00000E-03 S015    0.0000    0.0000       100.00      -200.00       0.00 ZXY   2.271074E+02   2.132981E+02   9.057218E+00
 5.00000E-03 S015    0.0000    0.0000       100.00      -200.00       0.00 ZYX  -2.028794E+02  -2.107696E+02   9.057218E+00
 5.00000E-03 S015    0.0000    0.0000       100.00      -200.00       0.00 ZYY  -3.465244E+01   3.594912E+00   9.057218E+00
 5.00000E-03 S016    0.0000    0.0000       100.00      -100.00       0.00 ZXX   7.134626E+00   7.020105E+00   8.170414E+00
 5.00000E-03 S016    0.0000    0.0000       100.00      -100.00       0.00 ZXY   2.130770E+02   2.125544E+02   8.170414E+00
 5.00000E-03 S016    0.0000    0.0000       100.00      -100.00       0.00 ZYX  -1.440008E+02  -2.000019E+02   8.170414E+00
 5.00000E-03 S016    0.0000    0.0000       100.00      -100.00       0.00 ZYY  -3.994048E+00   1.191193E+01   8.170414E+00
 5.00000E-03 S017    0.0000    0.0000       100.00         0.00       0.00 ZXX  -2.631164E+01  -1.662435E+00   8.425345E+00
 5.00000E-03 S017    0.0000    0.0000       100.00         0.00       0.00 ZXY   2.198034E+02   2.245342E+02   8.425345E+00
 5.00000E-03 S017    0.0000    0.0000       100.00         0.00       0.00 ZYX  -1.673009E+02  -1.871416E+02   8.425345E+00
 5.00000E-03 S017    0.0000    0.0000       100.00         0.00       0.00 ZYY   1.977656E+01  -1.056959E+01   8.425345E+00
 5.00000E-03 S018    0.0000    0.0000       100.00       100.00       0.00 ZXX  -6.165253E+01  -1.072021E+01   9.796529E+00
 5.00000E-03 S018    0.0000    0.0000       100.00       100.00       0.00 ZXY   2.536807E+02   2.115954E+02   9.796529E+00
 5.00000E-03 S018    0.0000    0.0000       100.00       100.00       0.00 ZYX  -2.380353E+02  -2.180381E+02   9.796529E+00
 5.00000E-03 S018    0.0000    0.0000       100.00       100.00       0.00 ZYY   2.719812E+01   2.692281E+00   9.796529E+00
 5.00000E-03 S019    0.0000    0.0000       100.00       200.00       0.00 ZXX  -7.919039E+00   4.975351E+00   9.819659E+00
 5.00000E-03 S019    0.0000    0.0000       100.00       200.00       0.00 ZXY   2.211166E+02   2.197750E+02   9.819659E+00
 5.00000E-03 S019    0.0000    0.0000       100.00       200.00       0.00 ZYX  -2.623503E+02  -2.219817E+02   9.819659E+00
 5.00000E-03 S019    0.0000    0.0000       100.00       200.00       0.00 ZYY   2.562903E+01   1.265473E+01   9.819659E+00
 5.00000E-03 S020    0.0000    0.0000       200.00      -200.00       0.00 ZXX   2.657092E+01  -1.306242E+01   9.237385E+00
 5.00000E-03 S020    0.0000    0.0000       200.00      -200.00       0.00 ZXY   2.294584E+02   2.187233E+02   9.237385E+00
 5.00000E-03 S020    0.0000    0.0000       200.00      -200.00       0.00 ZYX  -2.031419E+02  -2.195087E+02   9.237385E+00
 5.00000E-03 S020    0.0000    0.0000       200.00      -200.00       0.00 ZYY  -6.872640E+00  -2.542045E-02   9.237385E+00
 5.00000E-03 S021    0.0000    0.0000       200.00      -100.00       0.00 ZXX  -6.285194E+00  -1.527382E+00   9.199974E+00
 5.00000E-03 S021    0.0000    0.0000       200.00      -100.00       0.00 ZXY   2.433650E+02   2.353576E+02   9.199974E+00
 5.00000E-03 S021    0.0000    0.0000       200.00      -100.00       0.00 ZYX  -1.842880E+02  -2.078453E+02   9.199974E+00
 5.00000E-03 S021    0.0000    0.0000       200.00      -100.00       0.00 ZYY  -6.938785E+00   7.845028E+00   9.199974E+00
 5.00000E-03 S022    0.0000    0.0000       200.00         0.00       0.00 ZXX  -3.329360E+01  -6.161752E+00   9.517614E+00
 5.00000E-03 S022    0.0000    0.0000       200.00         0.00       0.00 ZXY   2.370080E+02   2.414383E+02   9.517614E+00
 5.00000E-03 S022    0.0000    0.0000       200.00         0.00       0.00 ZYX  -2.031499E+02  -2.173297E+02   9.517614E+00
 5.00000E-03 S022    0.0000    0.0000       200.00         0.00       0.00 ZYY   2.092387E+01  -6.457463E+00   9.517614E+00
 5.00000E-03 S023    0.0000    0.0000       200.00       100.00       0.00 ZXX  -2.314314E+01  -1.481263E+00   9.366817E+00
 5.00000E-03 S023    0.0000    0.0000       200.00       100.00       0.00 ZXY   2.387097E+02   2.191204E+02   9.366817E+00
 5.00000E-03 S023    0.0000    0.0000       200.00       100.00       0.00 ZYX  -2.203716E+02  -2.048150E+02   9.366817E+00
 5.00000E-03 S023    0.0000    0.0000       200.00       100.00       0.00 ZYY   2.092421E+01   3.251409E-01   9.366817E+00
 5.00000E-03 S024    0.0000    0.0000       200.00       200.00       0.00 ZXX  -1.797058E+01   4.005050E+00   9.233447E+00
 5.00000E-03 S024    0.0000    0.0000       200.00       200.00       0.00 ZXY   2.300835E+02   2.058113E+02   9.233447E+00
 5.00000E-03 S024    0.0000    0.0000       200.00       200.00       0.00 ZYX  -2.143888E+02  -2.195520E+02   9.233447E+00
 5.00000E-03 S024    0.0000    0.0000       200.00       200.00       0.00 ZYY   8.198795E+00  -1.303381E+01   9.233447E+00
 1.66667E-02 S000    0.0000    0.0000      -200.00      -200.00       0.00 ZXX  -3.031427E+01  -1.850981E+01   4.931880E+00
 1.66667E-02 S000    0.0000    0.0000      -200.00      -200.00       0.00 ZXY   1.234874E+02   1.226310E+02   4.931880E+00
 1.66667E-02 S000    0.0000    0.0000      -200.00      -200.00       0.00 ZYX  -1.064331E+02  -1.130832E+02   4.931880E+00
 1.66667E-02 S000    0.0000    0.0000      -200.00      -200.00       0.00 ZYY   1.414980E+01   1.198978E+01   4.931880E+00
 1.66667E-02 S001    0.0000    0.0000      -200.00      -100.00       0.00 ZXX  -4.487538E+00   1.735963E+00   4.195262E+00
 1.66667E-02 S001    0.0000    0.0000      -200.00      -100.00       0.00 ZXY   1.249436E+02   1.110259E+02   4.195262E+00
 1.66667E-02 S001    0.0000    0.0000      -200.00      -100.00       0.00 ZYX  -6.972168E+01  -9.395512E+01   4.195262E+00
 1.66667E-02 S001    0.0000    0.0000      -200.00      -100.00       0.00 ZYY   3.093132E+00  -5.445136E+00   4.195262E+00
 1.66667E-02 S002    0.0000    0.0000      -200.00         0.00       0.00 ZXX   2.501006E+01   8.784856E+00   4.710006E+00
 1.66667E-02 S002    0.0000    0.0000      -200.00         0.00       0.00 ZXY   1.301249E+02   1.233505E+02   4.710006E+00
 1.66667E-02 S002    0.0000    0.0000      -200.00         0.00       0.00 ZYX  -8.881035E+01  -1.049388E+02   4.710006E+00
 1.66667E-02 S002    0.0000    0.0000      -200.00         0.00       0.00 ZYY  -3.788206E+00   3.959172E+00   4.710006E+00
 1.66667E-02 S003    0.0000    0.0000      -200.00       100.00       0.00 ZXX   2.230646E+01   8.218335E+00   5.041371E+00
 1.66667E-02 S003    0.0000    0.0000      -200.00       100.00       0.00 ZXY   1.144437E+02   1.121680E+02   5.041371E+00
 1.66667E-02 S003    0.0000    0.0000      -200.00       100.00       0.00 ZYX  -1.284896E+02  -1.206044E+02   5.041371E+00
 1.66667E-02 S003    0.0000    0.0000      -200.00       100.00       0.00 ZYY  -2.072863E+01  -4.696716E+00   5.041371E+00
 1.66667E-02 S004    0.0000    0.0000      -200.00       200.00       0.00 ZXX   3.974095E+00  -3.915288E+00   5.399688E+00
 1.66667E-02 S004    0.0000    0.0000      -200.00       200.00       0.00 ZXY   1.152888E+02   1.190042E+02   5.399688E+00
 1.66667E-02 S004    0.0000    0.0000      -200.00       200.00       0.00 ZYX  -1.439282E+02  -1.323388E+02   5.399688E+00
 1.66667E-02 S004    0.0000    0.0000      -200.00       200.00       0.00 ZYY  -4.289911E+00   2.102304E+00   5.399688E+00
 1.66667E-02 S005    0.0000    0.0000      -100.00      -200.00       0.00 ZXX  -1.054959E+01  -4.062256E+00   3.776157E+00
 1.66667E-02 S005    0.0000    0.0000      -100.00      -200.00       0.00 ZXY   7.044311E+01   8.632500E+01   3.776157E+00
 1.66667E-02 S005    0.0000    0.0000      -100.00      -200.00       0.00 ZYX  -1.036778E+02  -9.732197E+01   3.776157E+00
 1.66667E-02 S005    0.0000    0.0000      -100.00      -200.00       0.00 ZYY   1.005071E+01   7.083203E-01   3.776157E+00
 1.66667E-02 S006    0.0000    0.0000      -100.00      -100.00       0.00 ZXX  -2.397832E+00  -2.234858E+00   2.930691E+00
 1.66667E-02 S006    0.0000    0.0000      -100.00      -100.00       0.00 ZXY   5.953842E+01   8.383294E+01   2.930691E+00
 1.66667E-02 S006    0.0000    0.0000      -100.00      -100.00       0.00 ZYX  -5.575525E+01  -7.419820E+01   2.930691E+00
 1.66667E-02 S006    0.0000    0.0000      -100.00      -100.00       0.00 ZYY   9.608722E-01   4.620801E+00   2.930691E+00
 1.66667E-02 S007    0.0000    0.0000      -100.00         0.00       0.00 ZXX   6.790306E+00   3.519363E+00   3.149794E+00
 1.66667E-02 S007    0.0000    0.0000      -100.00         0.00       0.00 ZXY   6.850094E+01   7.904422E+01   3.149794E+00
 1.66667E-02 S007    0.0000    0.0000      -100.00         0.00       0.00 ZYX  -6.548747E+01  -8.257586E+01   3.149794E+00
 1.66667E-02 S007    0.0000    0.0000      -100.00         0.00       0.00 ZYY  -5.985933E+00  -2.245411E+00   3.149794E+00
 1.66667E-02 S008    0.0000    0.0000      -100.00       100.00       0.00 ZXX   1.272917E+01   1.996239E+00   4.558687E+00
 1.66667E-02 S008    0.0000    0.0000      -100.00       100.00       0.00 ZXY   7.981309E+01   9.540502E+01   4.558687E+00
 1.66667E-02 S008    0.0000    0.0000      -100.00       100.00       0.00 ZYX  -1.357555E+02  -1.266131E+02   4.558687E+00
 1.66667E-02 S008    0.0000    0.0000      -100.00       100.00       0.00 ZYY  -1.402978E+01  -1.342746E+01   4.558687E+00
 1.66667E-02 S009    0.0000    0.0000      -100.00       200.00       0.00 ZXX   5.258164E+00   1.123358E+00   5.413496E+00
 1.66667E-02 S009    0.0000    0.0000      -100.00       200.00       0.00 ZXY   1.136768E+02   1.160249E+02   5.413496E+00
 1.66667E-02 S009    0.0000    0.0000      -100.00       200.00       0.00 ZYX  -1.568193E+02  -1.248776E+02   5.413496E+00
 1.66667E-02 S009    0.0000    0.0000      -100.00       200.00       0.00 ZYY  -3.913400E+00  -1.143776E+01   5.413496E+00
 1.66667E-02 S010    0.0000    0.0000         0.00      -200.00       0.00 ZXX   5.967426E+00   7.276244E+00   3.958631E+00
 1.66667E-02 S010    0.0000    0.0000         0.00      -200.00       0.00 ZXY   7.597533E+01   8.794959E+01   3.958631E+00
 1.66667E-02 S010    0.0000    0.0000         0.00      -200.00       0.00 ZYX  -1.051236E+02  -1.067438E+02   3.958631E+00
 1.66667E-02 S010    0.0000    0.0000         0.00      -200.00       0.00 ZYY  -1.487125E+01  -5.179054E+00   3.958631E+00
 1.66667E-02 S011    0.0000    0.0000         0.00      -100.00       0.00 ZXX   2.507309E+00   2.981418E+00   2.880994E+00
 1.66667E-02 S011    0.0000    0.0000         0.00      -100.00       0.00 ZXY   6.537255E+01   8.028446E+01   2.880994E+00
 1.66667E-02 S011    0.0000    0.0000         0.00      -100.00       0.00 ZYX  -5.272628E+01  -7.179487E+01   2.880994E+00
 1.66667E-02 S011    0.0000    0.0000         0.00      -100.00       0.00 ZYY  -4.193709E+00   2.047414E+00   2.880994E+00
 1.66667E-02 S012    0.0000    0.0000         0.00         0.00       0.00 ZXX  -9.643772E+00  -4.217581E-01   3.303058E+00
 1.66667E-02 S012    0.0000    0.0000         0.00         0.00       0.00 ZXY   7.007764E+01   8.184254E+01   3.303058E+00
 1.66667E-02 S012    0.0000    0.0000         0.00         0.00       0.00 ZYX  -6.910171E+01  -8.878880E+01   3.303058E+00
 1.66667E-02 S012    0.0000    0.0000         0.00         0.00       0.00 ZYY   7.802340E-01   1.682285E-01   3.303058E+00
 1.66667E-02 S013    0.0000    0.0000         0.00       100.00       0.00 ZXX  -6.527732E+00  -2.604168E+00   4.715831E+00
 1.66667E-02 S013    0.0000    0.0000         0.00       100.00       0.00 ZXY   9.137470E+01   9.887931E+01   4.715831E+00
 1.66667E-02 S013    0.0000    0.0000         0.00       100.00       0.00 ZYX  -1.372082E+02  -1.218967E+02   4.715831E+00
 1.66667E-02 S013    0.0000    0.0000         0.00       100.00       0.00 ZYY   1.402556E+01   1.106571E+01   4.715831E+00
 1.66667E-02 S014    0.0000    0.0000         0.00       200.00       0.00 ZXX  -4.715554E+00  -3.273633E+00   5.405374E+00
 1.66667E-02 S014    0.0000    0.0000         0.00       200.00       0.00 ZXY   1.035731E+02   1.262322E+02   5.405374E+00
 1.66667E-02 S014    0.0000    0.0000         0.00       200.00       0.00 ZYX  -1.447561E+02  -1.362923E+02   5.405374E+00
 1.66667E-02 S014    0.0000    0.0000         0.00       200.00       0.00 ZYY   7.552360E+00   9.406747E+00   5.405374E+00
 1.66667E-02 S015    0.0000    0.0000       100.00      -200.00       0.00 ZXX   3.038193E+01   9.983437E+00   4.883442E+00
 1.66667E-02 S015    0.0000    0.0000       100.00      -200.00       0.00 ZXY   1.316102E+02   1.161462E+02   4.883442E+00
 1.66667E-02 S015    0.0000    0.0000       100.00      -200.00       0.00 ZYX  -1.074310E+02  -1.060511E+02   4.883442E+00
 1.66667E-02 S015    0.0000    0.0000       100.00      -200.00       0.00 ZYY  -1.858016E+01  -1.082205E+01   4.883442E+00
 1.66667E-02 S016    0.0000    0.0000       100.00      -100.00       0.00 ZXX   4.921177E+00   5.879908E+00   4.337572E+00
 1.66667E-02 S016    0.0000    0.0000       100.00      -100.00       0.00 ZXY   1.348967E+02   1.145172E+02   4.337572E+00
 1.66667E-02 S016    0.0000    0.0000       100.00      -100.00       0.00 ZYX  -7.244391E+01  -9.332291E+01   4.337572E+00
 1.66667E-02 S016    0.0000    0.0000       100.00      -100.00       0.00 ZYY  -8.040850E+00  -4.770072E+00   4.337572E+00
 1.66667E-02 S017    0.0000    0.0000       100.00         0.00       0.00 ZXX  -2.204639E+01  -1.147368E+01   4.596785E+00
 1.66667E-02 S017    0.0000    0.0000       100.00         0.00       0.00 ZXY   1.344558E+02   1.195754E+02   4.596785E+00
 1.66667E-02 S017    0.0000    0.0000       100.00         0.00       0.00 ZYX  -7.782713E+01  -1.047303E+02   4.596785E+00
 1.66667E-02 S017    0.0000    0.0000       100.00         0.00       0.00 ZYY   4.318779E+00   8.001862E+00   4.596785E+00
 1.66667E-02 S018    0.0000    0.0000       100.00       100.00       0.00 ZXX  -3.034589E+01  -1.823766E+01   5.421895E+00
 1.66667E-02 S018    0.0000    0.0000       100.00       100.00       0.00 ZXY   1.333486E+02   1.171594E+02   5.421895E+00
 1.66667E-02 S018    0.0000    0.0000       100.00       100.00       0.00 ZYX  -1.397590E+02  -1.197002E+02   5.421895E+00
 1.66667E-02 S018    0.0000    0.0000       100.00       100.00       0.00 ZYY   1.736683E+01   1.561309E+01   5.421895E+00
 1.66667E-02 S019    0.0000    0.0000       100.00       200.00       0.00 ZXX  -1.012856E+01  -6.971132E-01   5.470473E+00
 1.66667E-02 S019    0.0000    0.0000       100.00       200.00       0.00 ZXY   1.278845E+02   1.249137E+02   5.470473E+00
 1.66667E-02 S019    0.0000    0.0000       100.00       200.00       0.00 ZYX  -1.444149E+02  -1.172227E+02   5.470473E+00
 1.66667E-02 S019    0.0000    0.0000       100.00       200.00       0.00 ZYY   1.724190E+01  -1.177145E+00   5.470473E+00
 1.66667E-02 S020    0.0000    0.0000       200.00      -200.00       0.00 ZXX   1.449574E+01   1.420912E+00   5.107414E+00
 1.66667E-02 S020    0.0000    0.0000       200.00      -200.00       0.00 ZXY   1.418386E+02   1.199134E+02   5.107414E+00
 1.66667E-02 S020    0.0000    0.0000       200.00      -200.00       0.00 ZYX  -1.094124E+02  -1.112691E+02   5.107414E+00
 1.66667E-02 S020    0.0000    0.0000       200.00      -200.00       0.00 ZYY  -3.947467E+00  -1.621349E+00   5.107414E+00
 1.66667E-02 S021    0.0000    0.0000       200.00      -100.00       0.00 ZXX  -3.112185E+00   6.195067E+00   5.075122E+00
 1.66667E-02 S021    0.0000    0.0000       200.00      -100.00       0.00 ZXY   1.376082E+02   1.313069E+02   5.075122E+00
 1.66667E-02 S021    0.0000    0.0000       200.00      -100.00       0.00 ZYX  -1.001109E+02  -1.123257E+02   5.075122E+00
 1.66667E-02 S021    0.0000    0.0000       200.00      -100.00       0.00 ZYY   4.993763E+00  -4.378824E+00   5.075122E+00
 1.66667E-02 S022    0.0000    0.0000       200.00         0.00       0.00 ZXX  -1.219304E+01  -1.086118E+01   5.086064E+00
 1.66667E-02 S022    0.0000    0.0000       200.00         0.00       0.00 ZXY   1.338979E+02   1.379869E+02   5.086064E+00
 1.66667E-02 S022    0.0000    0.0000       200.00         0.00       0.00 ZYX  -1.022845E+02  -1.090143E+02   5.086064E+00
 1.66667E-02 S022    0.0000    0.0000       200.00         0.00       0.00 ZYY   1.273680E+01   6.114559E+00   5.086064E+00
 1.66667E-02 S023    0.0000    0.0000       200.00       100.00       0.00 ZXX  -1.924331E+01  -8.646389E+00   5.332474E+00
 1.66667E-02 S023    0.0000    0.0000       200.00       100.00       0.00 ZXY   1.295260E+02   1.239930E+02   5.332474E+00
 1.66667E-02 S023    0.0000    0.0000       200.00       100.00       0.00 ZYX  -1.247536E+02  -1.244365E+02   5.332474E+00
 1.66667E-02 S023    0.0000    0.0000       200.00       100.00       0.00 ZYY   4.983080E+00   3.210322E+00   5.332474E+00
 1.66667E-02 S024    0.0000    0.0000       200.00       200.00       0.00 ZXX  -8.227291E+00  -1.525820E+01   5.424011E+00
 1.66667E-02 S024    0.0000    0.0000       200.00       200.00       0.00 ZXY   1.255172E+02   1.230772E+02   5.424011E+00
 1.66667E-02 S024    0.0000    0.0000       200.00       200.00       0.00 ZYX  -1.350509E+02  -1.278260E+02   5.424011E+00
 1.66667E-02 S024    0.0000    0.0000       200.00       200.00       0.00 ZYY   1.326469E+01   4.160047E+00   5.424011E+00
 5.00000E-02 S000    0.0000    0.0000      -200.00      -200.00       0.00 ZXX  -2.026965E+01  -1.080659E+01   2.826366E+00
 5.00000E-02 S000    0.0000    0.0000      -200.00      -200.00       0.00 ZXY   7.065307E+01   7.302277E+01   2.826366E+00
 5.00000E-02 S000    0.0000    0.0000      -200.00      -200.00       0.00 ZYX  -6.149962E+01  -6.203745E+01   2.826366E+00
 5.00000E-02 S000    0.0000    0.0000      -200.00      -200.00       0.00 ZYY   1.607755E+01   9.354713E+00   2.826366E+00
 5.00000E-02 S001    0.0000    0.0000      -200.00      -100.00       0.00 ZXX  -6.762234E+00  -8.625122E+00   2.359681E+00
 5.00000E-02 S001    0.0000    0.0000      -200.00      -100.00       0.00 ZXY   7.478748E+01   6.818828E+01   2.359681E+00
 5.00000E-02 S001    0.0000    0.0000      -200.00      -100.00       0.00 ZYX  -4.092041E+01  -4.541365E+01   2.359681E+00
 5.00000E-02 S001    0.0000    0.0000      -200.00      -100.00       0.00 ZYY   2.722398E+00  -1.768366E+00   2.359681E+00
 5.00000E-02 S002    0.0000    0.0000      -200.00         0.00       0.00 ZXX   1.769526E+01   8.395646E+00   2.699591E+00
 5.00000E-02 S002    0.0000    0.0000      -200.00         0.00       0.00 ZXY   7.055903E+01   7.275973E+01   2.699591E+00
 5.00000E-02 S002    0.0000    0.0000      -200.00         0.00       0.00 ZYX  -5.627633E+01  -5.670998E+01   2.699591E+00
 5.00000E-02 S002    0.0000    0.0000      -200.00         0.00       0.00 ZYY  -4.324535E+00  -2.208408E+00   2.699591E+00
 5.00000E-02 S003    0.0000    0.0000      -200.00       100.00       0.00 ZXX   1.218291E+01   5.608242E+00   3.001040E+00
 5.00000E-02 S003    0.0000    0.0000      -200.00       100.00       0.00 ZXY   6.778488E+01   6.293581E+01   3.001040E+00
 5.00000E-02 S003    0.0000    0.0000      -200.00       100.00       0.00 ZYX  -7.755236E+01  -7.543177E+01   3.001040E+00
 5.00000E-02 S003    0.0000    0.0000      -200.00       100.00       0.00 ZYY  -9.140071E+00  -1.308834E+01   3.001040E+00
 5.00000E-02 S004    0.0000    0.0000      -200.00       200.00       0.00 ZXX   9.755928E+00   4.028354E+00   2.988547E+00
 5.00000E-02 S004    0.0000    0.0000      -200.00       200.00       0.00 ZXY   6.453971E+01   6.708540E+01   2.988547E+00
 5.00000E-02 S004    0.0000    0.0000      -200.00       200.00       0.00 ZYX  -7.642030E+01  -7.432571E+01   2.988547E+00
 5.00000E-02 S004    0.0000    0.0000      -200.00       200.00       0.00 ZYY  -6.826513E+00  -7.619687E+00   2.988547E+00
 5.00000E-02 S005    0.0000    0.0000      -100.00      -200.00       0.00 ZXX  -6.426706E+00   1.296868E+00   2.162482E+00
 5.00000E-02 S005    0.0000    0.0000      -100.00      -200.00       0.00 ZXY   4.165467E+01   4.690965E+01   2.162482E+00
 5.00000E-02 S005    0.0000    0.0000      -100.00      -200.00       0.00 ZYX  -5.842766E+01  -5.870266E+01   2.162482E+00
 5.00000E-02 S005    0.0000    0.0000      -100.00      -200.00       0.00 ZYY   8.163705E+00   5.790335E+00   2.162482E+00
 5.00000E-02 S006    0.0000    0.0000      -100.00      -100.00       0.00 ZXX  -4.811927E-01  -1.185270E+00   1.495427E+00
 5.00000E-02 S006    0.0000    0.0000      -100.00      -100.00       0.00 ZXY   3.476888E+01   4.047734E+01   1.495427E+00
 5.00000E-02 S006    0.0000    0.0000      -100.00      -100.00       0.00 ZYX  -2.782449E+01  -3.733931E+01   1.495427E+00
 5.00000E-02 S006    0.0000    0.0000      -100.00      -100.00       0.00 ZYY  -9.938240E-02   2.021727E+00   1.495427E+00
 5.00000E-02 S007    0.0000    0.0000      -100.00         0.00       0.00 ZXX   5.823198E+00   4.332135E+00   1.753030E+00
 5.00000E-02 S007    0.0000    0.0000      -100.00         0.00       0.00 ZXY   3.783007E+01   4.471303E+01   1.753030E+00
 5.00000E-02 S007    0.0000    0.0000      -100.00         0.00       0.00 ZYX  -3.680057E+01  -4.521687E+01   1.753030E+00
 5.00000E-02 S007    0.0000    0.0000      -100.00         0.00       0.00 ZYY  -4.621328E+00  -3.749492E+00   1.753030E+00
 5.00000E-02 S008    0.0000    0.0000      -100.00       100.00       0.00 ZXX   1.121533E+01   9.463632E+00   2.698424E+00
 5.00000E-02 S008    0.0000    0.0000      -100.00       100.00       0.00 ZXY   4.980770E+01   5.349442E+01   2.698424E+00
 5.00000E-02 S008    0.0000    0.0000      -100.00       100.00       0.00 ZYX  -8.202817E+01  -7.432083E+01   2.698424E+00
 5.00000E-02 S008    0.0000    0.0000      -100.00       100.00       0.00 ZYY  -1.029601E+01  -3.732062E+00   2.698424E+00
 5.00000E-02 S009    0.0000    0.0000      -100.00       200.00       0.00 ZXX   3.495550E+00   5.234551E+00   3.029329E+00
 5.00000E-02 S009    0.0000    0.0000      -100.00       200.00       0.00 ZXY   6.080035E+01   5.971753E+01   3.029329E+00
 5.00000E-02 S009    0.0000    0.0000      -100.00       200.00       0.00 ZYX  -8.849428E+01  -8.052214E+01   3.029329E+00
 5.00000E-02 S009    0.0000    0.0000      -100.00       200.00       0.00 ZYY  -6.709265E+00  -3.377964E+00   3.029329E+00
 5.00000E-02 S010    0.0000    0.0000         0.00      -200.00       0.00 ZXX   5.027115E+00   3.382447E+00   2.064067E+00
 5.00000E-02 S010    0.0000    0.0000         0.00      -200.00       0.00 ZXY   4.062968E+01   4.213681E+01   2.064067E+00
 5.00000E-02 S010    0.0000    0.0000         0.00      -200.00       0.00 ZYX  -5.555973E+01  -5.876437E+01   2.064067E+00
 5.00000E-02 S010    0.0000    0.0000         0.00      -200.00       0.00 ZYY  -5.020494E+00  -1.147355E+01   2.064067E+00
 5.00000E-02 S011    0.0000    0.0000         0.00      -100.00       0.00 ZXX   2.558973E+00   1.181853E+00   1.544408E+00
 5.00000E-02 S011    0.0000    0.0000         0.00      -100.00       0.00 ZXY   3.657166E+01   4.263950E+01   1.544408E+00
 5.00000E-02 S011    0.0000    0.0000         0.00      -100.00       0.00 ZYX  -2.988567E+01  -3.650498E+01   1.544408E+00
 5.00000E-02 S011    0.0000    0.0000         0.00      -100.00       0.00 ZYY  -1.143179E+00  -2.573913E+00   1.544408E+00
 5.00000E-02 S012    0.0000    0.0000         0.00         0.00       0.00 ZXX  -3.232727E+00  -1.450216E+00   1.790308E+00
 5.00000E-02 S012    0.0000    0.0000         0.00         0.00       0.00 ZXY   4.192891E+01   4.223633E+01   1.790308E+00
 5.00000E-02 S012    0.0000    0.0000         0.00         0.00       0.00 ZYX  -3.769185E+01  -4.647755E+01   1.790308E+00
 5.00000E-02 S012    0.0000    0.0000         0.00         0.00       0.00 ZYY   3.214028E+00   7.370393E-01   1.790308E+00
 5.00000E-02 S013    0.0000    0.0000         0.00       100.00       0.00 ZXX  -6.313833E+00  -6.519048E+00   2.767499E+00
 5.00000E-02 S013    0.0000    0.0000         0.00       100.00       0.00 ZXY   5.000284E+01   5.608747E+01   2.767499E+00
 5.00000E-02 S013    0.0000    0.0000         0.00       100.00       0.00 ZYX  -8.512553E+01  -7.470219E+01   2.767499E+00
 5.00000E-02 S013    0.0000    0.0000         0.00       100.00       0.00 ZYY   8.860713E+00   5.829062E-01   2.767499E+00
 5.00000E-02 S014    0.0000    0.0000         0.00       200.00       0.00 ZXX  -5.012070E+00  -5.213787E+00   3.205214E+00
 5.00000E-02 S014    0.0000    0.0000         0.00       200.00       0.00 ZXY   6.870482E+01   6.835560E+01   3.205214E+00
 5.00000E-02 S014    0.0000    0.0000         0.00       200.00       0.00 ZYX  -8.654709E+01  -7.988632E+01   3.205214E+00
 5.00000E-02 S014    0.0000    0.0000         0.00       200.00       0.00 ZYY   1.031928E+01   5.672003E+00   3.205214E+00
 5.00000E-02 S015    0.0000    0.0000       100.00      -200.00       0.00 ZXX   2.139958E+01   6.850388E+00   2.855846E+00
 5.00000E-02 S015    0.0000    0.0000       100.00      -200.00       0.00 ZXY   7.413362E+01   7.412102E+01   2.855846E+00
 5.00000E-02 S015    0.0000    0.0000       100.00      -200.00       0.00 ZYX  -5.545472E+01  -6.631219E+01   2.855846E+00
 5.00000E-02 S015    0.0000    0.0000       100.00      -200.00       0.00 ZYY  -9.180585E+00  -6.773127E+00   2.855846E+00
 5.00000E-02 S016    0.0000    0.0000       100.00      -100.00       0.00 ZXX   1.840234E+00   5.351484E+00   2.508640E+00
 5.00000E-02 S016    0.0000    0.0000       100.00      -100.00       0.00 ZXY   7.638460E+01   7.680863E+01   2.508640E+00
 5.00000E-02 S016    0.0000    0.0000       100.00      -100.00       0.00 ZYX  -4.287236E+01  -4.825854E+01   2.508640E+00
 5.00000E-02 S016    0.0000    0.0000       100.00      -100.00       0.00 ZYY  -2.257348E+00   1.144598E+00   2.508640E+00
 5.00000E-02 S017    0.0000    0.0000       100.00         0.00       0.00 ZXX  -1.522952E+01  -1.127027E+01   2.595615E+00
 5.00000E-02 S017    0.0000    0.0000       100.00         0.00       0.00 ZXY   7.683564E+01   7.171447E+01   2.595615E+00
 5.00000E-02 S017    0.0000    0.0000       100.00         0.00       0.00 ZYX  -4.917231E+01  -5.152516E+01   2.595615E+00
 5.00000E-02 S017    0.0000    0.0000       100.00         0.00       0.00 ZYY   4.962695E+00   4.800140E+00   2.595615E+00
 5.00000E-02 S018    0.0000    0.0000       100.00       100.00       0.00 ZXX  -1.672212E+01  -1.131050E+01   3.035643E+00
 5.00000E-02 S018    0.0000    0.0000       100.00       100.00       0.00 ZXY   6.856875E+01   6.759226E+01   3.035643E+00
 5.00000E-02 S018    0.0000    0.0000       100.00       100.00       0.00 ZYX  -7.650759E+01  -7.386122E+01   3.035643E+00
 5.00000E-02 S018    0.0000    0.0000       100.00       100.00       0.00 ZYY   1.637088E+01   1.163907E+01   3.035643E+00
 5.00000E-02 S019    0.0000    0.0000       100.00       200.00       0.00 ZXX  -7.466754E+00  -7.354058E+00   3.125783E+00
 5.00000E-02 S019    0.0000    0.0000       100.00       200.00       0.00 ZXY   7.176296E+01   6.954726E+01   3.125783E+00
 5.00000E-02 S019    0.0000    0.0000       100.00       200.00       0.00 ZYX  -8.037096E+01  -7.308705E+01   3.125783E+00
 5.00000E-02 S019    0.0000    0.0000       100.00       200.00       0.00 ZYY   6.569602E+00   6.108444E+00   3.125783E+00
 5.00000E-02 S020    0.0000    0.0000       200.00      -200.00       0.00 ZXX   7.794514E+00   4.535152E+00   2.951795E+00
 5.00000E-02 S020    0.0000    0.0000       200.00      -200.00       0.00 ZXY   7.986509E+01   7.158659E+01   2.951795E+00
 5.00000E-02 S020    0.0000    0.0000       200.00      -200.00       0.00 ZYX  -6.012173E+01  -6.732966E+01   2.951795E+00
 5.00000E-02 S020    0.0000    0.0000       200.00      -200.00       0.00 ZYY  -4.432845E+00  -4.116757E+00   2.951795E+00
 5.00000E-02 S021    0.0000    0.0000       200.00      -100.00       0.00 ZXX   8.247347E+00   4.586049E+00   2.783450E+00
 5.00000E-02 S021    0.0000    0.0000       200.00      -100.00       0.00 ZXY   8.080210E+01   7.484237E+01   2.783450E+00
 5.00000E-02 S021    0.0000    0.0000       200.00      -100.00       0.00 ZYX  -5.430960E+01  -5.620978E+01   2.783450E+00
 5.00000E-02 S021    0.0000    0.0000       200.00      -100.00       0.00 ZYY   3.223742E+00  -2.957753E+00   2.783450E+00
 5.00000E-02 S022    0.0000    0.0000       200.00         0.00       0.00 ZXX  -9.696867E+00  -6.888014E+00   3.020872E+00
 5.00000E-02 S022    0.0000    0.0000       200.00         0.00       0.00 ZXY   7.808201E+01   7.897115E+01   3.020872E+00
 5.00000E-02 S022    0.0000    0.0000       200.00         0.00       0.00 ZYX  -6.449159E+01  -6.462985E+01   3.020872E+00
 5.00000E-02 S022    0.0000    0.0000       200.00         0.00       0.00 ZYY   5.908705E+00   8.665061E-01   3.020872E+00
 5.00000E-02 S023    0.0000    0.0000       200.00       100.00       0.00 ZXX  -8.004246E+00  -7.515215E+00   3.189439E+00
 5.00000E-02 S023    0.0000    0.0000       200.00       100.00       0.00 ZXY   7.707996E+01   7.550871E+01   3.189439E+00
 5.00000E-02 S023    0.0000    0.0000       200.00       100.00       0.00 ZYX  -7.132111E+01  -7.671998E+01   3.189439E+00
 5.00000E-02 S023    0.0000    0.0000       200.00       100.00       0.00 ZYY   7.468578E+00   4.539234E+00   3.189439E+00
 5.00000E-02 S024    0.0000    0.0000       200.00       200.00       0.00 ZXX  -4.032731E+00  -3.577637E+00   3.001117E+00
 5.00000E-02 S024    0.0000    0.0000       200.00       200.00       0.00 ZXY   6.541747E+01   7.054507E+01   3.001117E+00
 5.00000E-02 S024    0.0000    0.0000       200.00       200.00       0.00 ZYX  -7.520426E+01  -7.186214E+01   3.001117E+00
 5.00000E-02 S024    0.0000    0.0000       200.00       200.00       0.00 ZYY   5.884935E+00   1.572667E+00   3.001117E+00
 1.66667E-01 S000    0.0000    0.0000      -200.00      -200.00       0.00 ZXX  -1.106794E+01  -8.087684E+00   1.574943E+00
 1.66667E-01 S000    0.0000    0.0000      -200.00      -200.00       0.00 ZXY   4.258553E+01   3.926961E+01   1.574943E+00
 1.66667E-01 S000    0.0000    0.0000      -200.00      -200.00       0.00 ZYX  -3.478115E+01  -3.246341E+01   1.574943E+00
 1.66667E-01 S000    0.0000    0.0000      -200.00      -200.00       0.00 ZYY   4.097408E+00   4.449925E+00   1.574943E+00
 1.66667E-01 S001    0.0000    0.0000      -200.00      -100.00       0.00 ZXX  -3.092517E+00   6.230452E-01   1.319444E+00
 1.66667E-01 S001    0.0000    0.0000      -200.00      -100.00       0.00 ZXY   4.137332E+01   3.839304E+01   1.319444E+00
 1.66667E-01 S001    0.0000    0.0000      -200.00      -100.00       0.00 ZYX  -2.454691E+01  -2.391607E+01   1.319444E+00
 1.66667E-01 S001    0.0000    0.0000      -200.00      -100.00       0.00 ZYY   1.853230E+00  -3.099954E-01   1.319444E+00
 1.66667E-01 S002    0.0000    0.0000      -200.00         0.00       0.00 ZXX   8.920544E+00   6.218781E+00   1.411261E+00
 1.66667E-01 S002    0.0000    0.0000      -200.00         0.00       0.00 ZXY   4.015438E+01   4.005988E+01   1.411261E+00
 1.66667E-01 S002    0.0000    0.0000      -200.00         0.00       0.00 ZYX  -2.915232E+01  -2.592952E+01   1.411261E+00
 1.66667E-01 S002    0.0000    0.0000      -200.00         0.00       0.00 ZYY  -4.349160E+00  -1.546361E+00   1.411261E+00
 1.66667E-01 S003    0.0000    0.0000      -200.00       100.00       0.00 ZXX   1.145973E+01   6.301291E+00   1.666621E+00
 1.66667E-01 S003    0.0000    0.0000      -200.00       100.00       0.00 ZXY   3.525361E+01   3.989938E+01   1.666621E+00
 1.66667E-01 S003    0.0000    0.0000      -200.00       100.00       0.00 ZYX  -4.170206E+01  -4.026124E+01   1.666621E+00
 1.66667E-01 S003    0.0000    0.0000      -200.00       100.00       0.00 ZYY  -7.034145E+00  -6.833178E+00   1.666621E+00
 1.66667E-01 S004    0.0000    0.0000      -200.00       200.00       0.00 ZXX   5.288172E+00   3.796899E+00   1.658562E+00
 1.66667E-01 S004    0.0000    0.0000      -200.00       200.00       0.00 ZXY   3.668762E+01   3.721602E+01   1.658562E+00
 1.66667E-01 S004    0.0000    0.0000      -200.00       200.00       0.00 ZYX  -4.193208E+01  -4.077281E+01   1.658562E+00
 1.66667E-01 S004    0.0000    0.0000      -200.00       200.00       0.00 ZYY  -5.767819E+00  -4.069444E+00   1.658562E+00
 1.66667E-01 S005    0.0000    0.0000      -100.00      -200.00       0.00 ZXX  -2.247840E+00  -2.345367E+00   1.189288E+00
 1.66667E-01 S005    0.0000    0.0000      -100.00      -200.00       0.00 ZXY   2.310347E+01   2.519152E+01   1.189288E+00
 1.66667E-01 S005    0.0000    0.0000      -100.00      -200.00       0.00 ZYX  -3.329705E+01  -3.170445E+01   1.189288E+00
 1.66667E-01 S005    0.0000    0.0000      -100.00      -200.00       0.00 ZYY   5.510076E+00   3.130705E+00   1.189288E+00
 1.66667E-01 S006    0.0000    0.0000      -100.00      -100.00       0.00 ZXX   1.305569E+00  -1.021028E+00   7.877082E-01
 1.66667E-01 S006    0.0000    0.0000      -100.00      -100.00       0.00 ZXY   1.838694E+01   2.189909E+01   7.877082E-01
 1.66667E-01 S006    0.0000    0.0000      -100.00      -100.00       0.00 ZYX  -1.562097E+01  -1.836565E+01   7.877082E-01
 1.66667E-01 S006    0.0000    0.0000      -100.00      -100.00       0.00 ZYY   1.543121E+00   7.885544E-01   7.877082E-01
 1.66667E-01 S007    0.0000    0.0000      -100.00         0.00       0.00 ZXX   1.602654E+00   1.990945E+00   9.201540E-01
 1.66667E-01 S007    0.0000    0.0000      -100.00         0.00       0.00 ZXY   1.816445E+01   2.213969E+01   9.201540E-01
 1.66667E-01 S007    0.0000    0.0000      -100.00         0.00       0.00 ZYX  -2.243773E+01  -2.399380E+01   9.201540E-01
 1.66667E-01 S007    0.0000    0.0000      -100.00         0.00       0.00 ZYY  -2.587677E+00  -1.582740E+00   9.201540E-01
 1.66667E-01 S008    0.0000    0.0000      -100.00       100.00       0.00 ZXX   2.731268E+00   3.995140E+00   1.474918E+00
 1.66667E-01 S008    0.0000    0.0000      -100.00       100.00       0.00 ZXY   2.762865E+01   2.865573E+01   1.474918E+00
 1.66667E-01 S008    0.0000    0.0000      -100.00       100.00       0.00 ZYX  -4.405496E+01  -4.178941E+01   1.474918E+00
 1.66667E-01 S008    0.0000    0.0000      -100.00       100.00       0.00 ZYY  -6.504211E+00  -3.387132E+00   1.474918E+00
 1.66667E-01 S009    0.0000    0.0000      -100.00       200.00       0.00 ZXX   1.882346E+00   2.993021E+00   1.704697E+00
 1.66667E-01 S009    0.0000    0.0000      -100.00       200.00       0.00 ZXY   3.604113E+01   3.393454E+01   1.704697E+00
 1.66667E-01 S009    0.0000    0.0000      -100.00       200.00       0.00 ZYX  -4.446070E+01  -4.772552E+01   1.704697E+00
 1.66667E-01 S009    0.0000    0.0000      -100.00       200.00       0.00 ZYY  -1.644303E-01  -7.233787E-01   1.704697E+00
 1.66667E-01 S010    0.0000    0.0000         0.00      -200.00       0.00 ZXX   3.449243E+00   2.599987E+00   1.167209E+00
 1.66667E-01 S010    0.0000    0.0000         0.00      -200.00       0.00 ZXY   2.391567E+01   2.354250E+01   1.167209E+00
 1.66667E-01 S010    0.0000    0.0000         0.00      -200.00       0.00 ZYX  -3.253882E+01  -3.123907E+01   1.167209E+00
 1.66667E-01 S010    0.0000    0.0000         0.00      -200.00       0.00 ZYY  -3.547472E+00  -3.269785E+00   1.167209E+00
 1.66667E-01 S011    0.0000    0.0000         0.00      -100.00       0.00 ZXX   6.117464E-01   8.881010E-01   7.927334E-01
 1.66667E-01 S011    0.0000    0.0000         0.00      -100.00       0.00 ZXY   2.030032E+01   2.121886E+01   7.927334E-01
 1.66667E-01 S011    0.0000    0.0000         0.00      -100.00       0.00 ZYX  -1.521836E+01  -1.826980E+01   7.927334E-01
 1.66667E-01 S011    0.0000    0.0000         0.00      -100.00       0.00 ZYY  -1.549665E+00  -3.240251E-01   7.927334E-01
 1.66667E-01 S012    0.0000    0.0000         0.00         0.00       0.00 ZXX  -2.509155E+00  -4.935463E-01   9.438813E-01
 1.66667E-01 S012    0.0000    0.0000         0.00         0.00       0.00 ZXY   2.172788E+01   2.197054E+01   9.438813E-01
 1.66667E-01 S012    0.0000    0.0000         0.00         0.00       0.00 ZYX  -2.224237E+01  -2.305571E+01   9.438813E-01
 1.66667E-01 S012    0.0000    0.0000         0.00         0.00       0.00 ZYY   1.507707E+00   2.013074E+00   9.438813E-01
 1.66667E-01 S013    0.0000    0.0000         0.00       100.00       0.00 ZXX  -4.686269E+00  -5.473549E+00   1.413601E+00
 1.66667E-01 S013    0.0000    0.0000         0.00       100.00       0.00 ZXY   2.558056E+01   2.703193E+01   1.413601E+00
 1.66667E-01 S013    0.0000    0.0000         0.00       100.00       0.00 ZYX  -4.376263E+01  -4.054586E+01   1.413601E+00
 1.66667E-01 S013    0.0000    0.0000         0.00       100.00       0.00 ZYY   7.119047E+00   1.607662E+00   1.413601E+00
 1.66667E-01 S014    0.0000    0.0000         0.00       200.00       0.00 ZXX  -1.739957E+00  -1.489612E+00   1.707279E+00
 1.66667E-01 S014    0.0000    0.0000         0.00       200.00       0.00 ZXY   3.463327E+01   3.390631E+01   1.707279E+00
 1.66667E-01 S014    0.0000    0.0000         0.00       200.00       0.00 ZYX  -4.737135E+01  -4.712813E+01   1.707279E+00
 1.66667E-01 S014    0.0000    0.0000         0.00       200.00       0.00 ZYY   3.751703E+00  -6.215582E-01   1.707279E+00
 1.66667E-01 S015    0.0000    0.0000       100.00      -200.00       0.00 ZXX   7.866448E+00   6.073268E+00   1.576500E+00
 1.66667E-01 S015    0.0000    0.0000       100.00      -200.00       0.00 ZXY   4.162320E+01   4.109688E+01   1.576500E+00
 1.66667E-01 S015    0.0000    0.0000       100.00      -200.00       0.00 ZYX  -3.094614E+01  -3.565373E+01   1.576500E+00
 1.66667E-01 S015    0.0000    0.0000       100.00      -200.00       0.00 ZYY  -4.723667E+00  -4.101022E+00   1.576500E+00
 1.66667E-01 S016    0.0000    0.0000       100.00      -100.00       0.00 ZXX   8.577765E-01   1.736978E+00   1.374734E+00
 1.66667E-01 S016    0.0000    0.0000       100.00      -100.00       0.00 ZXY   4.133137E+01   4.325737E+01   1.374734E+00
 1.66667E-01 S016    0.0000    0.0000       100.00      -100.00       0.00 ZYX  -2.341436E+01  -2.614673E+01   1.374734E+00
 1.66667E-01 S016    0.0000    0.0000       100.00      -100.00       0.00 ZYY   1.470582E+00   9.534689E-01   1.374734E+00
 1.66667E-01 S017    0.0000    0.0000       100.00         0.00       0.00 ZXX  -7.825398E+00  -5.317735E+00   1.442922E+00
 1.66667E-01 S017    0.0000    0.0000       100.00         0.00       0.00 ZXY   3.890529E+01   4.057337E+01   1.442922E+00
 1.66667E-01 S017    0.0000    0.0000       100.00         0.00       0.00 ZYX  -2.670495E+01  -3.131289E+01   1.442922E+00
 1.66667E-01 S017    0.0000    0.0000       100.00         0.00       0.00 ZYY   6.737965E+00   5.462906E+00   1.442922E+00
 1.66667E-01 S018    0.0000    0.0000       100.00       100.00       0.00 ZXX  -7.979507E+00  -9.845464E+00   1.725912E+00
 1.66667E-01 S018    0.0000    0.0000       100.00       100.00       0.00 ZXY   4.144995E+01   3.909045E+01   1.725912E+00
 1.66667E-01 S018    0.0000    0.0000       100.00       100.00       0.00 ZYX  -4.205327E+01  -4.007617E+01   1.725912E+00
 1.66667E-01 S018    0.0000    0.0000       100.00       100.00       0.00 ZYY   4.494849E+00   8.443529E+00   1.725912E+00
 1.66667E-01 S019    0.0000    0.0000       100.00       200.00       0.00 ZXX  -7.587777E+00  -4.952014E+00   1.741713E+00
 1.66667E-01 S019    0.0000    0.0000       100.00       200.00       0.00 ZXY   3.633546E+01   3.895108E+01   1.741713E+00
 1.66667E-01 S019    0.0000    0.0000       100.00       200.00       0.00 ZYX  -4.504162E+01  -4.444363E+01   1.741713E+00
 1.66667E-01 S019    0.0000    0.0000       100.00       200.00       0.00 ZYY   5.328701E+00   5.933937E+00   1.741713E+00
 1.66667E-01 S020    0.0000    0.0000       200.00      -200.00       0.00 ZXX   5.791860E+00   7.849011E+00   1.560377E+00
 1.66667E-01 S020    0.0000    0.0000       200.00      -200.00       0.00 ZXY   4.213436E+01   3.907817E+01   1.560377E+00
 1.66667E-01 S020    0.0000    0.0000       200.00      -200.00       0.00 ZYX  -3.270074E+01  -3.386488E+01   1.560377E+00
 1.66667E-01 S020    0.0000    0.0000       200.00      -200.00       0.00 ZYY  -3.551130E+00  -7.091063E+00   1.560377E+00
 1.66667E-01 S021    0.0000    0.0000       200.00      -100.00       0.00 ZXX  -6.731656E-01   4.167159E-01   1.559592E+00
 1.66667E-01 S021    0.0000    0.0000       200.00      -100.00       0.00 ZXY   4.552936E+01   4.148349E+01   1.559592E+00
 1.66667E-01 S021    0.0000    0.0000       200.00      -100.00       0.00 ZYX  -3.247870E+01  -2.950202E+01   1.559592E+00
 1.66667E-01 S021    0.0000    0.0000       200.00      -100.00       0.00 ZYY  -4.564528E+00   6.893097E-02   1.559592E+00
 1.66667E-01 S022    0.0000    0.0000       200.00         0.00       0.00 ZXX  -6.852399E+00  -5.292147E+00   1.688928E+00
 1.66667E-01 S022    0.0000    0.0000       200.00         0.00       0.00 ZXY   4.402719E+01   4.224044E+01   1.688928E+00
 1.66667E-01 S022    0.0000    0.0000       200.00         0.00       0.00 ZYX  -3.811893E+01  -3.528958E+01   1.688928E+00
 1.66667E-01 S022    0.0000    0.0000       200.00         0.00       0.00 ZYY   2.421378E+00   2.677563E+00   1.688928E+00
 1.66667E-01 S023    0.0000    0.0000       200.00       100.00       0.00 ZXX  -6.883273E+00  -5.296676E+00   1.696837E+00
 1.66667E-01 S023    0.0000    0.0000       200.00       100.00       0.00 ZXY   3.906680E+01   4.237886E+01   1.696837E+00
 1.66667E-01 S023    0.0000    0.0000       200.00       100.00       0.00 ZYX  -4.163838E+01  -3.670100E+01   1.696837E+00
 1.66667E-01 S023    0.0000    0.0000       200.00       100.00       0.00 ZYY   3.989116E+00   4.979446E+00   1.696837E+00
 1.66667E-01 S024    0.0000    0.0000       200.00       200.00       0.00 ZXX  -4.125500E+00  -4.533909E+00   1.711463E+00
 1.66667E-01 S024    0.0000    0.0000       200.00       200.00       0.00 ZXY   4.136038E+01   3.673316E+01   1.711463E+00
 1.66667E-01 S024    0.0000    0.0000       200.00       200.00       0.00 ZYX  -4.070213E+01  -4.248319E+01   1.711463E+00
 1.66667E-01 S024    0.0000    0.0000       200.00       200.00       0.00 ZYY   5.026994E-01   4.273396E+00   1.711463E+00
